filtered_try.ASC_set.ASC
 LAST                    1.
 NINTT                   0.
 NLINF                   1.
 NORDER                  2.
 DOUSNQ                  1.
 RUSER    10             0.
 IUSER    10             4.
 RUSER    23            -1.
 RUSER    22            -1.
 RUSER    21             1.
 LUSER     3            -1.
 GMNMX     1       2.0E-06
 GMNMX     2       4.5E-03
 IPLRES    2             3.
 IPLFIT    2             3.
 IFORMT
 (F30.10)
 IFORMY
 (F30.10)
 NG                    90.
 END
 NY      90
  0.000002000000
  0.000002200000
  0.000002400000
  0.000002600000
  0.000002800000
  0.000003000000
  0.000003200000
  0.000003600000
  0.000004000000
  0.000004400000
  0.000004800000
  0.000005200000
  0.000005600000
  0.000006000000
  0.000006400000
  0.000007200000
  0.000008000000
  0.000008800000
  0.000009600000
  0.000010400000
  0.000011200000
  0.000012000000
  0.000012800000
  0.000014400000
  0.000016000000
  0.000017600000
  0.000019200000
  0.000020800000
  0.000022400000
  0.000024000000
  0.000025600000
  0.000028800000
  0.000032000000
  0.000035200000
  0.000038400000
  0.000041600000
  0.000044800000
  0.000048000000
  0.000051200000
  0.000057600000
  0.000064000000
  0.000070400000
  0.000076800000
  0.000083200000
  0.000089600000
  0.000096000000
  0.000102400000
  0.000115200000
  0.000128000000
  0.000140800000
  0.000153600000
  0.000166400000
  0.000179200000
  0.000192000000
  0.000204800000
  0.000230400000
  0.000256000000
  0.000281600000
  0.000307200000
  0.000332800000
  0.000358400000
  0.000384000000
  0.000409600000
  0.000460800000
  0.000512000000
  0.000563200000
  0.000614400000
  0.000665600000
  0.000716800000
  0.000768000000
  0.000819200000
  0.000921600000
  0.001024000000
  0.001126400000
  0.001228800000
  0.001331200000
  0.001433600000
  0.001536000000
  0.001638400000
  0.001843200000
  0.002048000000
  0.002252800000
  0.002457600000
  0.002662400000
  0.002867200000
  0.003072000000
  0.003225600000
  0.003635200000
  0.004044800000
  0.004454400000
  0.139258000000
  0.135164000000
  0.132174000000
  0.136253000000
  0.135776000000
  0.133748000000
  0.131555000000
  0.130635000000
  0.129038000000
  0.128065000000
  0.125903000000
  0.123338000000
  0.120141000000
  0.117347000000
  0.118516000000
  0.113647000000
  0.113149000000
  0.108241000000
  0.109030000000
  0.106069000000
  0.104711000000
  0.099991600000
  0.098965000000
  0.095197100000
  0.090705000000
  0.088283100000
  0.084727200000
  0.082929600000
  0.079335700000
  0.078264700000
  0.077078900000
  0.072124400000
  0.069770600000
  0.066192600000
  0.064424300000
  0.061704100000
  0.060642200000
  0.058572200000
  0.056517500000
  0.053856100000
  0.052892600000
  0.050270700000
  0.048904600000
  0.046924800000
  0.046601700000
  0.044983300000
  0.044414500000
  0.041966600000
  0.041465100000
  0.040060900000
  0.038394600000
  0.037571800000
  0.036342400000
  0.035394600000
  0.034802500000
  0.033300600000
  0.032635800000
  0.031485300000
  0.030836400000
  0.029778900000
  0.029093900000
  0.028234100000
  0.027780100000
  0.026806800000
  0.026078000000
  0.025192300000
  0.025069300000
  0.024232800000
  0.024037700000
  0.023712600000
  0.023359300000
  0.022622900000
  0.022348500000
  0.021763700000
  0.021797100000
  0.021105800000
  0.021210700000
  0.020802000000
  0.020635600000
  0.020397000000
  0.020201100000
  0.020051800000
  0.019858800000
  0.019732100000
  0.019666000000
  0.019581800000
  0.019527700000
  0.019382300000
  0.019152900000
  0.019187600000
